"year" "month" "Ftemp" "Ctemp"
"1" 1869 1 35.1 1.7
"2" 1869 10 50.9 10.5
"3" 1869 11 40.3 4.6
"4" 1869 12 34.7 1.5
"5" 1869 2 34.5 1.4
"6" 1869 3 34.8 1.6
"7" 1869 4 49.2 9.6
"8" 1869 5 57.7 14.3
"9" 1869 6 69.3 20.7
"10" 1869 7 72.8 22.7
"11" 1869 8 71.8 22.1
"12" 1869 9 65.6 18.7
"13" 1870 1 37.5 3.1
"14" 1870 10 56.7 13.7
"15" 1870 11 45.5 7.5
"16" 1870 12 34.1 1.2
"17" 1870 2 31.3 -0.4
"18" 1870 3 34.1 1.2
"19" 1870 4 50.7 10.4
"20" 1870 5 60.9 16.1
"21" 1870 6 72.9 22.7
"22" 1870 7 76.6 24.8
"23" 1870 8 75.3 24.1
"24" 1870 9 67.6 19.8
"25" 1871 1 28.3 -2.1
"26" 1871 10 55.6 13.1
"27" 1871 11 38.8 3.8
"28" 1871 12 29.2 -1.6
"29" 1871 2 30.2 -1
"30" 1871 3 44.2 6.8
"31" 1871 4 52 11.1
"32" 1871 5 60.4 15.8
"33" 1871 6 68.2 20.1
"34" 1871 7 72.3 22.4
"35" 1871 8 73.6 23.1
"36" 1871 9 60.8 16
"37" 1872 1 28.8 -1.8
"38" 1872 10 53.2 11.8
"39" 1872 11 41 5
"40" 1872 12 26.7 -2.9
"41" 1872 2 29.9 -1.2
"42" 1872 3 30.5 -0.8
"43" 1872 4 49.4 9.7
"44" 1872 5 61.5 16.4
"45" 1872 6 71.2 21.8
"46" 1872 7 77.5 25.3
"47" 1872 8 75.6 24.2
"48" 1872 9 66.4 19.1
"49" 1873 1 28.6 -1.9
"50" 1873 10 55.8 13.2
"51" 1873 11 37 2.8
"52" 1873 12 36.5 2.5
"53" 1873 2 29.5 -1.4
"54" 1873 3 35.7 2.1
"55" 1873 4 46.7 8.2
"56" 1873 5 58.8 14.9
"57" 1873 6 70.3 21.3
"58" 1873 7 75.4 24.1
"59" 1873 8 72 22.2
"60" 1873 9 65.4 18.6
"61" 1874 1 34.2 1.2
"62" 1874 10 55.1 12.8
"63" 1874 11 43.4 6.3
"64" 1874 12 33.8 1
"65" 1874 2 31.3 -0.4
"66" 1874 3 37.1 2.8
"67" 1874 4 41.1 5.1
"68" 1874 5 58.8 14.9
"69" 1874 6 70.1 21.2
"70" 1874 7 73.9 23.3
"71" 1874 8 70.3 21.3
"72" 1874 9 67 19.4
"73" 1875 1 23.8 -4.6
"74" 1875 10 53.6 12
"75" 1875 11 39.3 4.1
"76" 1875 12 33.9 1.1
"77" 1875 2 25.2 -3.8
"78" 1875 3 34.1 1.2
"79" 1875 4 43.1 6.2
"80" 1875 5 60.1 15.6
"81" 1875 6 69.2 20.7
"82" 1875 7 74 23.3
"83" 1875 8 72.9 22.7
"84" 1875 9 64 17.8
"85" 1876 1 36.6 2.6
"86" 1876 10 50.6 10.3
"87" 1876 11 45.2 7.3
"88" 1876 12 24.9 -3.9
"89" 1876 2 31.8 -0.1
"90" 1876 3 34.4 1.3
"91" 1876 4 47 8.3
"92" 1876 5 60.2 15.7
"93" 1876 6 73.5 23.1
"94" 1876 7 79.4 26.3
"95" 1876 8 75.2 24
"96" 1876 9 63.7 17.6
"97" 1877 1 27.7 -2.4
"98" 1877 10 55.8 13.2
"99" 1877 11 44.5 6.9
"100" 1877 12 37.4 3
"101" 1877 2 37 2.8
"102" 1877 3 35.8 2.1
"103" 1877 4 47.7 8.7
"104" 1877 5 59.6 15.3
"105" 1877 6 70.2 21.2
"106" 1877 7 75 23.9
"107" 1877 8 75.4 24.1
"108" 1877 9 66.9 19.4
"109" 1878 1 30.3 -0.9
"110" 1878 10 58.7 14.8
"111" 1878 11 43.8 6.6
"112" 1878 12 32.8 0.4
"113" 1878 2 32.2 0.1
"114" 1878 3 44.1 6.7
"115" 1878 4 53.3 11.8
"116" 1878 5 59.4 15.2
"117" 1878 6 67.7 19.8
"118" 1878 7 77.8 25.4
"119" 1878 8 74.2 23.4
"120" 1878 9 68.3 20.2
"121" 1879 1 26.9 -2.8
"122" 1879 10 60.3 15.7
"123" 1879 11 43.4 6.3
"124" 1879 12 37.3 2.9
"125" 1879 2 28 -2.2
"126" 1879 3 40 4.4
"127" 1879 4 48.4 9.1
"128" 1879 5 63.3 17.4
"129" 1879 6 70.2 21.2
"130" 1879 7 75 23.9
"131" 1879 8 72 22.2
"132" 1879 9 63.3 17.4
"133" 1880 1 39.6 4.2
"134" 1880 10 53.6 12
"135" 1880 11 38.7 3.7
"136" 1880 12 26.5 -3.1
"137" 1880 2 37.2 2.9
"138" 1880 3 36.5 2.5
"139" 1880 4 50 10
"140" 1880 5 67.9 19.9
"141" 1880 6 73.1 22.8
"142" 1880 7 74.9 23.8
"143" 1880 8 72.7 22.6
"144" 1880 9 67.1 19.5
"145" 1881 1 24.7 -4.1
"146" 1881 10 58.8 14.9
"147" 1881 11 45.2 7.3
"148" 1881 12 39.4 4.1
"149" 1881 2 28.7 -1.8
"150" 1881 3 36.7 2.6
"151" 1881 4 46.3 7.9
"152" 1881 5 62.3 16.8
"153" 1881 6 65.2 18.4
"154" 1881 7 73.7 23.2
"155" 1881 8 73.8 23.2
"156" 1881 9 73.4 23
"157" 1882 1 28.8 -1.8
"158" 1882 10 57.1 13.9
"159" 1882 11 39.2 4
"160" 1882 12 30.6 -0.8
"161" 1882 2 35.2 1.8
"162" 1882 3 40.4 4.7
"163" 1882 4 47.6 8.7
"164" 1882 5 56.6 13.7
"165" 1882 6 71.8 22.1
"166" 1882 7 75.8 24.3
"167" 1882 8 73.4 23
"168" 1882 9 67.1 19.5
"169" 1883 1 25.2 -3.8
"170" 1883 10 52.2 11.2
"171" 1883 11 43.7 6.5
"172" 1883 12 32 0
"173" 1883 2 30.2 -1
"174" 1883 3 32.7 0.4
"175" 1883 4 47.1 8.4
"176" 1883 5 61.1 16.2
"177" 1883 6 74 23.3
"178" 1883 7 74.5 23.6
"179" 1883 8 70.4 21.3
"180" 1883 9 62.6 17
"181" 1884 1 24.7 -4.1
"182" 1884 10 57.7 14.3
"183" 1884 11 44.3 6.8
"184" 1884 12 33.6 0.9
"185" 1884 2 34 1.1
"186" 1884 3 37.7 3.2
"187" 1884 4 48.1 8.9
"188" 1884 5 59.8 15.4
"189" 1884 6 71.3 21.8
"190" 1884 7 71.9 22.2
"191" 1884 8 73.7 23.2
"192" 1884 9 72 22.2
"193" 1885 1 29.4 -1.4
"194" 1885 10 54.1 12.3
"195" 1885 11 44.9 7.2
"196" 1885 12 35.7 2.1
"197" 1885 2 22.7 -5.2
"198" 1885 3 30.6 -0.8
"199" 1885 4 49.4 9.7
"200" 1885 5 59.9 15.5
"201" 1885 6 71 21.7
"202" 1885 7 78.5 25.8
"203" 1885 8 72.4 22.4
"204" 1885 9 64.4 18
"205" 1886 1 26.8 -2.9
"206" 1886 10 54.9 12.7
"207" 1886 11 44.6 7
"208" 1886 12 29.6 -1.3
"209" 1886 2 27.5 -2.5
"210" 1886 3 37.6 3.1
"211" 1886 4 52.9 11.6
"212" 1886 5 60.2 15.7
"213" 1886 6 68 20
"214" 1886 7 74.8 23.8
"215" 1886 8 70.2 21.2
"216" 1886 9 65.3 18.5
"217" 1887 1 29.1 -1.6
"218" 1887 10 52.2 11.2
"219" 1887 11 41.4 5.2
"220" 1887 12 33.8 1
"221" 1887 2 32 0
"222" 1887 3 32.3 0.2
"223" 1887 4 46.3 7.9
"224" 1887 5 63.8 17.7
"225" 1887 6 69.6 20.9
"226" 1887 7 78.2 25.7
"227" 1887 8 70 21.1
"228" 1887 9 61.8 16.6
"229" 1888 1 23 -5
"230" 1888 10 48.6 9.2
"231" 1888 11 45.5 7.5
"232" 1888 12 34.7 1.5
"233" 1888 2 29.3 -1.5
"234" 1888 3 30 -1.1
"235" 1888 4 46 7.8
"236" 1888 5 58 14.4
"237" 1888 6 70.9 21.6
"238" 1888 7 70.7 21.5
"239" 1888 8 72.6 22.6
"240" 1888 9 62.8 17.1
"241" 1889 1 35.7 2.1
"242" 1889 10 49.7 9.8
"243" 1889 11 44.7 7.1
"244" 1889 12 40 4.4
"245" 1889 2 27.8 -2.3
"246" 1889 3 39.7 4.3
"247" 1889 4 51.2 10.7
"248" 1889 5 63.5 17.5
"249" 1889 6 70.5 21.4
"250" 1889 7 73.2 22.9
"251" 1889 8 70.6 21.4
"252" 1889 9 65.2 18.4
"253" 1890 1 37.6 3.1
"254" 1890 10 54.5 12.5
"255" 1890 11 43.9 6.6
"256" 1890 12 29.9 -1.2
"257" 1890 2 37.9 3.3
"258" 1890 3 35.6 2
"259" 1890 4 49.1 9.5
"260" 1890 5 60.3 15.7
"261" 1890 6 70.1 21.2
"262" 1890 7 73.1 22.8
"263" 1890 8 72.7 22.6
"264" 1890 9 67.1 19.5
"265" 1891 1 33.8 1
"266" 1891 10 54.7 12.6
"267" 1891 11 44.3 6.8
"268" 1891 12 42.3 5.7
"269" 1891 2 36.5 2.5
"270" 1891 3 35.8 2.1
"271" 1891 4 49.7 9.8
"272" 1891 5 57.8 14.3
"273" 1891 6 71.4 21.9
"274" 1891 7 72.4 22.4
"275" 1891 8 75.5 24.2
"276" 1891 9 71.6 22
"277" 1892 1 31.5 -0.3
"278" 1892 10 53 11.7
"279" 1892 11 43.4 6.3
"280" 1892 12 32.2 0.1
"281" 1892 2 33.4 0.8
"282" 1892 3 34.2 1.2
"283" 1892 4 48.8 9.3
"284" 1892 5 59.2 15.1
"285" 1892 6 73.5 23.1
"286" 1892 7 74.9 23.8
"287" 1892 8 74.3 23.5
"288" 1892 9 64.7 18.2
"289" 1893 1 23.7 -4.6
"290" 1893 10 56.2 13.4
"291" 1893 11 42.9 6.1
"292" 1893 12 34.5 1.4
"293" 1893 2 29.4 -1.4
"294" 1893 3 35.5 1.9
"295" 1893 4 46.4 8
"296" 1893 5 58.2 14.6
"297" 1893 6 68.1 20.1
"298" 1893 7 73.6 23.1
"299" 1893 8 73.5 23.1
"300" 1893 9 63.3 17.4
"301" 1894 1 33.6 0.9
"302" 1894 10 55.3 12.9
"303" 1894 11 41.5 5.3
"304" 1894 12 36.8 2.7
"305" 1894 2 28.6 -1.9
"306" 1894 3 42.8 6
"307" 1894 4 49.2 9.6
"308" 1894 5 60.9 16.1
"309" 1894 6 70.4 21.3
"310" 1894 7 75 23.9
"311" 1894 8 70.6 21.4
"312" 1894 9 68.8 20.4
"313" 1895 1 29.8 -1.2
"314" 1895 10 52.5 11.4
"315" 1895 11 47.8 8.8
"316" 1895 12 38.1 3.4
"317" 1895 2 24.1 -4.4
"318" 1895 3 35.4 1.9
"319" 1895 4 50.1 10.1
"320" 1895 5 62.5 16.9
"321" 1895 6 72.9 22.7
"322" 1895 7 72.6 22.6
"323" 1895 8 75.6 24.2
"324" 1895 9 70.9 21.6
"325" 1896 1 29.8 -1.2
"326" 1896 10 53.9 12.2
"327" 1896 11 49.9 9.9
"328" 1896 12 34.2 1.2
"329" 1896 2 31.9 -0.1
"330" 1896 3 32.6 0.3
"331" 1896 4 52.3 11.3
"332" 1896 5 67 19.4
"333" 1896 6 69.8 21
"334" 1896 7 76.8 24.9
"335" 1896 8 76.1 24.5
"336" 1896 9 67.3 19.6
"337" 1897 1 30.8 -0.7
"338" 1897 10 56.6 13.7
"339" 1897 11 46 7.8
"340" 1897 12 38.3 3.5
"341" 1897 2 33.2 0.7
"342" 1897 3 40.8 4.9
"343" 1897 4 50.5 10.3
"344" 1897 5 61.5 16.4
"345" 1897 6 67.5 19.7
"346" 1897 7 75.9 24.4
"347" 1897 8 73.2 22.9
"348" 1897 9 67 19.4
"349" 1898 1 35.3 1.8
"350" 1898 10 59.5 15.3
"351" 1898 11 45.6 7.6
"352" 1898 12 34.6 1.4
"353" 1898 2 35.8 2.1
"354" 1898 3 45.6 7.6
"355" 1898 4 47.7 8.7
"356" 1898 5 58.4 14.7
"357" 1898 6 71.2 21.8
"358" 1898 7 76.1 24.5
"359" 1898 8 75.3 24.1
"360" 1898 9 70.3 21.3
"361" 1899 1 31.4 -0.3
"362" 1899 10 58.6 14.8
"363" 1899 11 46 7.8
"364" 1899 12 38.2 3.4
"365" 1899 2 27.9 -2.3
"366" 1899 3 37.9 3.3
"367" 1899 4 49.5 9.7
"368" 1899 5 62.3 16.8
"369" 1899 6 74.1 23.4
"370" 1899 7 76.2 24.6
"371" 1899 8 75.2 24
"372" 1899 9 66.1 18.9
"373" 1900 1 31.8 -0.1
"374" 1900 10 61.3 16.3
"375" 1900 11 49.1 9.5
"376" 1900 12 36.3 2.4
"377" 1900 2 30.3 -0.9
"378" 1900 3 33.4 0.8
"379" 1900 4 50 10
"380" 1900 5 59.6 15.3
"381" 1900 6 70.5 21.4
"382" 1900 7 76.4 24.7
"383" 1900 8 76.2 24.6
"384" 1900 9 70.5 21.4
"385" 1901 1 32.5 0.3
"386" 1901 10 55.9 13.3
"387" 1901 11 39.7 4.3
"388" 1901 12 35.7 2.1
"389" 1901 2 26.3 -3.2
"390" 1901 3 38.4 3.6
"391" 1901 4 47.8 8.8
"392" 1901 5 57.4 14.1
"393" 1901 6 70.6 21.4
"394" 1901 7 77.7 25.4
"395" 1901 8 75 23.9
"396" 1901 9 68.2 20.1
"397" 1902 1 30.6 -0.8
"398" 1902 10 58.2 14.6
"399" 1902 11 51.6 10.9
"400" 1902 12 32.5 0.3
"401" 1902 2 29.7 -1.3
"402" 1902 3 44.4 6.9
"403" 1902 4 50.6 10.3
"404" 1902 5 58.9 14.9
"405" 1902 6 66.8 19.3
"406" 1902 7 72.8 22.7
"407" 1902 8 71.9 22.2
"408" 1902 9 66.7 19.3
"409" 1903 1 30.4 -0.9
"410" 1903 10 58 14.4
"411" 1903 11 42.2 5.7
"412" 1903 12 31.5 -0.3
"413" 1903 2 33.2 0.7
"414" 1903 3 47.8 8.8
"415" 1903 4 52 11.1
"416" 1903 5 62.8 17.1
"417" 1903 6 64.2 17.9
"418" 1903 7 74.6 23.7
"419" 1903 8 69.1 20.6
"420" 1903 9 67 19.4
"421" 1904 1 25.3 -3.7
"422" 1904 10 53.8 12.1
"423" 1904 11 42.4 5.8
"424" 1904 12 30.3 -0.9
"425" 1904 2 25.4 -3.7
"426" 1904 3 36.4 2.4
"427" 1904 4 46.6 8.1
"428" 1904 5 63.4 17.4
"429" 1904 6 70.2 21.2
"430" 1904 7 74.6 23.7
"431" 1904 8 73 22.8
"432" 1904 9 66.8 19.3
"433" 1905 1 29.3 -1.5
"434" 1905 10 59.4 15.2
"435" 1905 11 44.1 6.7
"436" 1905 12 38.9 3.8
"437" 1905 2 24.8 -4
"438" 1905 3 40.4 4.7
"439" 1905 4 49.9 9.9
"440" 1905 5 61.5 16.4
"441" 1905 6 69.9 21.1
"442" 1905 7 77.1 25.1
"443" 1905 8 74.3 23.5
"444" 1905 9 69.6 20.9
"445" 1906 1 38.4 3.6
"446" 1906 10 57.5 14.2
"447" 1906 11 45.5 7.5
"448" 1906 12 34.2 1.2
"449" 1906 2 32.8 0.4
"450" 1906 3 35.6 2
"451" 1906 4 51.6 10.9
"452" 1906 5 63.1 17.3
"453" 1906 6 73.6 23.1
"454" 1906 7 77.1 25.1
"455" 1906 8 77.1 25.1
"456" 1906 9 70.1 21.2
"457" 1907 1 34.9 1.6
"458" 1907 10 52.7 11.5
"459" 1907 11 46.2 7.9
"460" 1907 12 38.8 3.8
"461" 1907 2 25.9 -3.4
"462" 1907 3 42.5 5.8
"463" 1907 4 46.7 8.2
"464" 1907 5 56.2 13.4
"465" 1907 6 68.6 20.3
"466" 1907 7 77.4 25.2
"467" 1907 8 73.4 23
"468" 1907 9 66.9 19.4
"469" 1908 1 33.5 0.8
"470" 1908 10 60.8 16
"471" 1908 11 46.8 8.2
"472" 1908 12 37.6 3.1
"473" 1908 2 27.5 -2.5
"474" 1908 3 41.4 5.2
"475" 1908 4 52.2 11.2
"476" 1908 5 63.4 17.4
"477" 1908 6 73 22.8
"478" 1908 7 79.8 26.6
"479" 1908 8 75.8 24.3
"480" 1908 9 68.6 20.3
"481" 1909 1 34.7 1.5
"482" 1909 10 54.5 12.5
"483" 1909 11 49.5 9.7
"484" 1909 12 32.4 0.2
"485" 1909 2 37.7 3.2
"486" 1909 3 37.8 3.2
"487" 1909 4 48.4 9.1
"488" 1909 5 61 16.1
"489" 1909 6 72.1 22.3
"490" 1909 7 73.5 23.1
"491" 1909 8 72.2 22.3
"492" 1909 9 66.8 19.3
"493" 1910 1 31.1 -0.5
"494" 1910 10 58.8 14.9
"495" 1910 11 42.3 5.7
"496" 1910 12 30 -1.1
"497" 1910 2 30 -1.1
"498" 1910 3 43 6.1
"499" 1910 4 55.1 12.8
"500" 1910 5 61 16.1
"501" 1910 6 68.7 20.4
"502" 1910 7 77.2 25.1
"503" 1910 8 72 22.2
"504" 1910 9 69.4 20.8
"505" 1911 1 36.3 2.4
"506" 1911 10 56.2 13.4
"507" 1911 11 42.7 5.9
"508" 1911 12 39.4 4.1
"509" 1911 2 31.3 -0.4
"510" 1911 3 34.7 1.5
"511" 1911 4 47.8 8.8
"512" 1911 5 64.1 17.8
"513" 1911 6 69.8 21
"514" 1911 7 77.6 25.3
"515" 1911 8 72.8 22.7
"516" 1911 9 67.6 19.8
"517" 1912 1 23.7 -4.6
"518" 1912 10 59.2 15.1
"519" 1912 11 47.8 8.8
"520" 1912 12 39.3 4.1
"521" 1912 2 28.8 -1.8
"522" 1912 3 37.6 3.1
"523" 1912 4 50.4 10.2
"524" 1912 5 62.3 16.8
"525" 1912 6 69.7 20.9
"526" 1912 7 75.7 24.3
"527" 1912 8 71.7 22.1
"528" 1912 9 66.6 19.2
"529" 1913 1 40.9 4.9
"530" 1913 10 58.6 14.8
"531" 1913 11 47.3 8.5
"532" 1913 12 38.7 3.7
"533" 1913 2 31.3 -0.4
"534" 1913 3 44.8 7.1
"535" 1913 4 52.5 11.4
"536" 1913 5 60.7 15.9
"537" 1913 6 70.5 21.4
"538" 1913 7 76.1 24.5
"539" 1913 8 73.4 23
"540" 1913 9 64.6 18.1
"541" 1914 1 31.5 -0.3
"542" 1914 10 59.4 15.2
"543" 1914 11 44.5 6.9
"544" 1914 12 31.6 -0.2
"545" 1914 2 25.4 -3.7
"546" 1914 3 36.5 2.5
"547" 1914 4 47.9 8.8
"548" 1914 5 64.5 18.1
"549" 1914 6 68.9 20.5
"550" 1914 7 72.1 22.3
"551" 1914 8 74.6 23.7
"552" 1914 9 66.9 19.4
"553" 1915 1 34.5 1.4
"554" 1915 10 57.7 14.3
"555" 1915 11 46.3 7.9
"556" 1915 12 33.5 0.8
"557" 1915 2 35.9 2.2
"558" 1915 3 36.8 2.7
"559" 1915 4 54.4 12.4
"560" 1915 5 59 15
"561" 1915 6 68 20
"562" 1915 7 73.9 23.3
"563" 1915 8 71.6 22
"564" 1915 9 70 21.1
"565" 1916 1 36 2.2
"566" 1916 10 57.7 14.3
"567" 1916 11 45.5 7.5
"568" 1916 12 34 1.1
"569" 1916 2 27.9 -2.3
"570" 1916 3 32.4 0.2
"571" 1916 4 48.4 9.1
"572" 1916 5 61.4 16.3
"573" 1916 6 65.7 18.7
"574" 1916 7 75.4 24.1
"575" 1916 8 74.8 23.8
"576" 1916 9 67.4 19.7
"577" 1917 1 32.9 0.5
"578" 1917 10 53 11.7
"579" 1917 11 41.6 5.3
"580" 1917 12 25 -3.9
"581" 1917 2 28.3 -2.1
"582" 1917 3 39.3 4.1
"583" 1917 4 48.4 9.1
"584" 1917 5 54.3 12.4
"585" 1917 6 70.3 21.3
"586" 1917 7 75.9 24.4
"587" 1917 8 76.2 24.6
"588" 1917 9 63.6 17.6
"589" 1918 1 21.7 -5.7
"590" 1918 10 59 15
"591" 1918 11 46.6 8.1
"592" 1918 12 39.4 4.1
"593" 1918 2 30.4 -0.9
"594" 1918 3 42.1 5.6
"595" 1918 4 50.7 10.4
"596" 1918 5 65.3 18.5
"597" 1918 6 67.8 19.9
"598" 1918 7 74.6 23.7
"599" 1918 8 76.5 24.7
"600" 1918 9 63.9 17.7
"601" 1919 1 35.6 2
"602" 1919 10 59.2 15.1
"603" 1919 11 45.2 7.3
"604" 1919 12 30.2 -1
"605" 1919 2 34.9 1.6
"606" 1919 3 43.3 6.3
"607" 1919 4 50 10
"608" 1919 5 62 16.7
"609" 1919 6 70.9 21.6
"610" 1919 7 75.1 23.9
"611" 1919 8 71.1 21.7
"612" 1919 9 67.6 19.8
"613" 1920 1 23.4 -4.8
"614" 1920 10 61.1 16.2
"615" 1920 11 44.4 6.9
"616" 1920 12 37.3 2.9
"617" 1920 2 28.5 -1.9
"618" 1920 3 39.9 4.4
"619" 1920 4 48.1 8.9
"620" 1920 5 58.8 14.9
"621" 1920 6 69.2 20.7
"622" 1920 7 73.8 23.2
"623" 1920 8 74.3 23.5
"624" 1920 9 68.5 20.3
"625" 1921 1 33.4 0.8
"626" 1921 10 56.3 13.5
"627" 1921 11 44.7 7.1
"628" 1921 12 32.5 0.3
"629" 1921 2 34 1.1
"630" 1921 3 48.4 9.1
"631" 1921 4 56.1 13.4
"632" 1921 5 61.2 16.2
"633" 1921 6 71.2 21.8
"634" 1921 7 77.3 25.2
"635" 1921 8 71.6 22
"636" 1921 9 72.1 22.3
"637" 1922 1 28.2 -2.1
"638" 1922 10 58.2 14.6
"639" 1922 11 45.7 7.6
"640" 1922 12 33.6 0.9
"641" 1922 2 33.6 0.9
"642" 1922 3 41 5
"643" 1922 4 51.5 10.8
"644" 1922 5 64.6 18.1
"645" 1922 6 71.8 22.1
"646" 1922 7 73.7 23.2
"647" 1922 8 72.4 22.4
"648" 1922 9 68.2 20.1
"649" 1923 1 30 -1.1
"650" 1923 10 56 13.3
"651" 1923 11 45.2 7.3
"652" 1923 12 42 5.6
"653" 1923 2 26.2 -3.2
"654" 1923 3 36.8 2.7
"655" 1923 4 50.3 10.2
"656" 1923 5 60 15.6
"657" 1923 6 73.4 23
"658" 1923 7 73.8 23.2
"659" 1923 8 72.6 22.6
"660" 1923 9 68.3 20.2
"661" 1924 1 32.7 0.4
"662" 1924 10 57.1 13.9
"663" 1924 11 44.4 6.9
"664" 1924 12 34 1.1
"665" 1924 2 28.9 -1.7
"666" 1924 3 39.2 4
"667" 1924 4 49.1 9.5
"668" 1924 5 57.3 14.1
"669" 1924 6 67.8 19.9
"670" 1924 7 74.1 23.4
"671" 1924 8 74.3 23.5
"672" 1924 9 64.1 17.8
"673" 1925 1 28.4 -2
"674" 1925 10 50.6 10.3
"675" 1925 11 43.9 6.6
"676" 1925 12 34.8 1.6
"677" 1925 2 37.9 3.3
"678" 1925 3 44.2 6.8
"679" 1925 4 51.8 11
"680" 1925 5 59.6 15.3
"681" 1925 6 74.3 23.5
"682" 1925 7 73.6 23.1
"683" 1925 8 73.3 22.9
"684" 1925 9 68.8 20.4
"685" 1926 1 32 0
"686" 1926 10 55.1 12.8
"687" 1926 11 44.9 7.2
"688" 1926 12 28.9 -1.7
"689" 1926 2 29.2 -1.6
"690" 1926 3 35.7 2.1
"691" 1926 4 47.3 8.5
"692" 1926 5 60.1 15.6
"693" 1926 6 66.8 19.3
"694" 1926 7 75.1 23.9
"695" 1926 8 74 23.3
"696" 1926 9 65.7 18.7
"697" 1927 1 30.9 -0.6
"698" 1927 10 59.6 15.3
"699" 1927 11 49.2 9.6
"700" 1927 12 36.7 2.6
"701" 1927 2 36.4 2.4
"702" 1927 3 43 6.1
"703" 1927 4 48.6 9.2
"704" 1927 5 59 15
"705" 1927 6 67.3 19.6
"706" 1927 7 74 23.3
"707" 1927 8 68.5 20.3
"708" 1927 9 67.9 19.9
"709" 1928 1 34 1.1
"710" 1928 10 58.9 14.9
"711" 1928 11 47.4 8.6
"712" 1928 12 39.3 4.1
"713" 1928 2 33 0.6
"714" 1928 3 38.8 3.8
"715" 1928 4 48.4 9.1
"716" 1928 5 59.4 15.2
"717" 1928 6 67.4 19.7
"718" 1928 7 75.9 24.4
"719" 1928 8 75.4 24.1
"720" 1928 9 64.7 18.2
"721" 1929 1 31.9 -0.1
"722" 1929 10 54.6 12.6
"723" 1929 11 46.2 7.9
"724" 1929 12 35.8 2.1
"725" 1929 2 32.9 0.5
"726" 1929 3 45.1 7.3
"727" 1929 4 51 10.6
"728" 1929 5 61.7 16.5
"729" 1929 6 71.5 21.9
"730" 1929 7 75.9 24.4
"731" 1929 8 73.1 22.8
"732" 1929 9 69.4 20.8
"733" 1930 1 33.3 0.7
"734" 1930 10 55.6 13.1
"735" 1930 11 45.5 7.5
"736" 1930 12 34.6 1.4
"737" 1930 2 37 2.8
"738" 1930 3 40.3 4.6
"739" 1930 4 48.4 9.1
"740" 1930 5 63.7 17.6
"741" 1930 6 73.5 23.1
"742" 1930 7 76.4 24.7
"743" 1930 8 73.6 23.1
"744" 1930 9 72 22.2
"745" 1931 1 32.8 0.4
"746" 1931 10 61.3 16.3
"747" 1931 11 51.9 11.1
"748" 1931 12 41 5
"749" 1931 2 33.9 1.1
"750" 1931 3 40.3 4.6
"751" 1931 4 51.1 10.6
"752" 1931 5 61.5 16.4
"753" 1931 6 70.7 21.5
"754" 1931 7 77.5 25.3
"755" 1931 8 75.2 24
"756" 1931 9 72.3 22.4
"757" 1932 1 43.2 6.2
"758" 1932 10 58.5 14.7
"759" 1932 11 43.9 6.6
"760" 1932 12 39.1 3.9
"761" 1932 2 36.1 2.3
"762" 1932 3 37.3 2.9
"763" 1932 4 49 9.4
"764" 1932 5 62 16.7
"765" 1932 6 70.5 21.4
"766" 1932 7 76.1 24.5
"767" 1932 8 76.7 24.8
"768" 1932 9 69.5 20.8
"769" 1933 1 40.3 4.6
"770" 1933 10 56.1 13.4
"771" 1933 11 41.8 5.4
"772" 1933 12 32.7 0.4
"773" 1933 2 34.1 1.2
"774" 1933 3 38.4 3.6
"775" 1933 4 50.4 10.2
"776" 1933 5 64.4 18
"777" 1933 6 72.4 22.4
"778" 1933 7 75.8 24.3
"779" 1933 8 74.9 23.8
"780" 1933 9 69.6 20.9
"781" 1934 1 34.7 1.5
"782" 1934 10 54.5 12.5
"783" 1934 11 48.9 9.4
"784" 1934 12 33.4 0.8
"785" 1934 2 19.9 -6.7
"786" 1934 3 37.3 2.9
"787" 1934 4 50.3 10.2
"788" 1934 5 63.7 17.6
"789" 1934 6 73.8 23.2
"790" 1934 7 77.7 25.4
"791" 1934 8 72 22.2
"792" 1934 9 69.2 20.7
"793" 1935 1 28.9 -1.7
"794" 1935 10 57.5 14.2
"795" 1935 11 48.6 9.2
"796" 1935 12 30 -1.1
"797" 1935 2 31.2 -0.4
"798" 1935 3 43.4 6.3
"799" 1935 4 49.8 9.9
"800" 1935 5 59.9 15.5
"801" 1935 6 70.1 21.2
"802" 1935 7 77.2 25.1
"803" 1935 8 74.7 23.7
"804" 1935 9 65.3 18.5
"805" 1936 1 29.3 -1.5
"806" 1936 10 57.6 14.2
"807" 1936 11 42.7 5.9
"808" 1936 12 38.6 3.7
"809" 1936 2 25.7 -3.5
"810" 1936 3 45.2 7.3
"811" 1936 4 47.9 8.8
"812" 1936 5 64.4 18
"813" 1936 6 69.8 21
"814" 1936 7 76.2 24.6
"815" 1936 8 75.4 24.1
"816" 1936 9 68.2 20.1
"817" 1937 1 40.2 4.6
"818" 1937 10 55.4 13
"819" 1937 11 46.4 8
"820" 1937 12 35.4 1.9
"821" 1937 2 34.8 1.6
"822" 1937 3 36.5 2.5
"823" 1937 4 49.6 9.8
"824" 1937 5 64.2 17.9
"825" 1937 6 71.8 22.1
"826" 1937 7 76.6 24.8
"827" 1937 8 76.6 24.8
"828" 1937 9 66 18.9
"829" 1938 1 32.1 0.1
"830" 1938 10 59.8 15.4
"831" 1938 11 48.3 9.1
"832" 1938 12 37 2.8
"833" 1938 2 35.4 1.9
"834" 1938 3 44.2 6.8
"835" 1938 4 53.7 12.1
"836" 1938 5 60.8 16
"837" 1938 6 70.3 21.3
"838" 1938 7 76.6 24.8
"839" 1938 8 78.2 25.7
"840" 1938 9 66 18.9
"841" 1939 1 32.2 0.1
"842" 1939 10 57.3 14.1
"843" 1939 11 43.7 6.5
"844" 1939 12 36.9 2.7
"845" 1939 2 37 2.8
"846" 1939 3 39.2 4
"847" 1939 4 48.3 9.1
"848" 1939 5 64.9 18.3
"849" 1939 6 73 22.8
"850" 1939 7 76.6 24.8
"851" 1939 8 78.1 25.6
"852" 1939 9 68.6 20.3
"853" 1940 1 25 -3.9
"854" 1940 10 53.8 12.1
"855" 1940 11 45.3 7.4
"856" 1940 12 38.4 3.6
"857" 1940 2 32.9 0.5
"858" 1940 3 35.1 1.7
"859" 1940 4 46.8 8.2
"860" 1940 5 60.7 15.9
"861" 1940 6 70.4 21.3
"862" 1940 7 76.2 24.6
"863" 1940 8 71.4 21.9
"864" 1940 9 66.6 19.2
"865" 1941 1 29.4 -1.4
"866" 1941 10 60.7 15.9
"867" 1941 11 50 10
"868" 1941 12 38.3 3.5
"869" 1941 2 31.1 -0.5
"870" 1941 3 35.9 2.2
"871" 1941 4 56.9 13.8
"872" 1941 5 64.8 18.2
"873" 1941 6 71.9 22.2
"874" 1941 7 75.8 24.3
"875" 1941 8 74 23.3
"876" 1941 9 70 21.1
"877" 1942 1 30.7 -0.7
"878" 1942 10 58.8 14.9
"879" 1942 11 47 8.3
"880" 1942 12 31.1 -0.5
"881" 1942 2 29.7 -1.3
"882" 1942 3 43 6.1
"883" 1942 4 53.8 12.1
"884" 1942 5 65.3 18.5
"885" 1942 6 71 21.7
"886" 1942 7 76.3 24.6
"887" 1942 8 73.6 23.1
"888" 1942 9 68.3 20.2
"889" 1943 1 30.8 -0.7
"890" 1943 10 55.7 13.2
"891" 1943 11 45.4 7.4
"892" 1943 12 33 0.6
"893" 1943 2 34.6 1.4
"894" 1943 3 40.2 4.6
"895" 1943 4 46.1 7.8
"896" 1943 5 62.6 17
"897" 1943 6 76.2 24.6
"898" 1943 7 76.9 24.9
"899" 1943 8 75.9 24.4
"900" 1943 9 67.4 19.7
"901" 1944 1 33.9 1.1
"902" 1944 10 57.1 13.9
"903" 1944 11 46 7.8
"904" 1944 12 32.4 0.2
"905" 1944 2 33.2 0.7
"906" 1944 3 37.6 3.1
"907" 1944 4 48.9 9.4
"908" 1944 5 67 19.4
"909" 1944 6 72.3 22.4
"910" 1944 7 79.4 26.3
"911" 1944 8 77.8 25.4
"912" 1944 9 70.1 21.2
"913" 1945 1 25.1 -3.8
"914" 1945 10 56.2 13.4
"915" 1945 11 47.6 8.7
"916" 1945 12 31 -0.6
"917" 1945 2 33.9 1.1
"918" 1945 3 51.1 10.6
"919" 1945 4 55.6 13.1
"920" 1945 5 59.2 15.1
"921" 1945 6 70.9 21.6
"922" 1945 7 74.6 23.7
"923" 1945 8 73.4 23
"924" 1945 9 70.3 21.3
"925" 1946 1 34.1 1.2
"926" 1946 10 61.7 16.5
"927" 1946 11 50.5 10.3
"928" 1946 12 37.9 3.3
"929" 1946 2 31.7 -0.2
"930" 1946 3 49.8 9.9
"931" 1946 4 50.4 10.2
"932" 1946 5 61.9 16.6
"933" 1946 6 69.7 20.9
"934" 1946 7 75.4 24.1
"935" 1946 8 70.9 21.6
"936" 1946 9 69.8 21
"937" 1947 1 37.2 2.9
"938" 1947 10 63.6 17.6
"939" 1947 11 44.2 6.8
"940" 1947 12 34 1.1
"941" 1947 2 29.3 -1.5
"942" 1947 3 37.8 3.2
"943" 1947 4 50.5 10.3
"944" 1947 5 59.9 15.5
"945" 1947 6 68.4 20.2
"946" 1947 7 75.5 24.2
"947" 1947 8 76 24.4
"948" 1947 9 68.6 20.3
"949" 1948 1 25.4 -3.7
"950" 1948 10 56.7 13.7
"951" 1948 11 52.4 11.3
"952" 1948 12 38.3 3.5
"953" 1948 2 30.7 -0.7
"954" 1948 3 42.1 5.6
"955" 1948 4 51 10.6
"956" 1948 5 60.2 15.7
"957" 1948 6 69.4 20.8
"958" 1948 7 77.2 25.1
"959" 1948 8 75.2 24
"960" 1948 9 70.3 21.3
"961" 1949 1 38.6 3.7
"962" 1949 10 63.1 17.3
"963" 1949 11 46.3 7.9
"964" 1949 12 39.4 4.1
"965" 1949 2 38.6 3.7
"966" 1949 3 42.9 6.1
"967" 1949 4 53.8 12.1
"968" 1949 5 63.1 17.3
"969" 1949 6 74.3 23.5
"970" 1949 7 79.6 26.4
"971" 1949 8 76.7 24.8
"972" 1949 9 66.2 19
"973" 1950 1 41.4 5.2
"974" 1950 10 60 15.6
"975" 1950 11 48.4 9.1
"976" 1950 12 35 1.7
"977" 1950 2 31.6 -0.2
"978" 1950 3 36.4 2.4
"979" 1950 4 48.5 9.2
"980" 1950 5 58.8 14.9
"981" 1950 6 70.3 21.3
"982" 1950 7 75 23.9
"983" 1950 8 73.1 22.8
"984" 1950 9 64.8 18.2
"985" 1951 1 36.5 2.5
"986" 1951 10 58.6 14.8
"987" 1951 11 43.5 6.4
"988" 1951 12 38.6 3.7
"989" 1951 2 36.2 2.3
"990" 1951 3 41.5 5.3
"991" 1951 4 53 11.7
"992" 1951 5 63.3 17.4
"993" 1951 6 69.8 21
"994" 1951 7 76.8 24.9
"995" 1951 8 74.5 23.6
"996" 1951 9 68.2 20.1
"997" 1952 1 36.2 2.3
"998" 1952 10 55.7 13.2
"999" 1952 11 48.6 9.2
"1000" 1952 12 38.4 3.6
"1001" 1952 2 36.2 2.3
"1002" 1952 3 40.2 4.6
"1003" 1952 4 55 12.8
"1004" 1952 5 60.7 15.9
"1005" 1952 6 73.6 23.1
"1006" 1952 7 80.3 26.8
"1007" 1952 8 74.9 23.8
"1008" 1952 9 69.9 21.1
"1009" 1953 1 37.6 3.1
"1010" 1953 10 60.7 15.9
"1011" 1953 11 49.7 9.8
"1012" 1953 12 41.3 5.2
"1013" 1953 2 38.4 3.6
"1014" 1953 3 43.4 6.3
"1015" 1953 4 52.3 11.3
"1016" 1953 5 63.4 17.4
"1017" 1953 6 73.6 23.1
"1018" 1953 7 77.8 25.4
"1019" 1953 8 75.8 24.3
"1020" 1953 9 70.4 21.3
"1021" 1954 1 30.8 -0.7
"1022" 1954 10 61.7 16.5
"1023" 1954 11 46.4 8
"1024" 1954 12 35.9 2.2
"1025" 1954 2 40.1 4.5
"1026" 1954 3 41.6 5.3
"1027" 1954 4 53.8 12.1
"1028" 1954 5 59.8 15.4
"1029" 1954 6 71.6 22
"1030" 1954 7 76.7 24.8
"1031" 1954 8 72.8 22.7
"1032" 1954 9 67.4 19.7
"1033" 1955 1 31 -0.6
"1034" 1955 10 59.8 15.4
"1035" 1955 11 44.3 6.8
"1036" 1955 12 29.7 -1.3
"1037" 1955 2 35 1.7
"1038" 1955 3 41.7 5.4
"1039" 1955 4 53.5 11.9
"1040" 1955 5 65.4 18.6
"1041" 1955 6 68.9 20.5
"1042" 1955 7 80.9 27.2
"1043" 1955 8 78.1 25.6
"1044" 1955 9 67.8 19.9
"1045" 1956 1 32 0
"1046" 1956 10 58.1 14.5
"1047" 1956 11 46.7 8.2
"1048" 1956 12 40.9 4.9
"1049" 1956 2 36.6 2.6
"1050" 1956 3 37.4 3
"1051" 1956 4 48.2 9
"1052" 1956 5 58.7 14.8
"1053" 1956 6 71.4 21.9
"1054" 1956 7 72.9 22.7
"1055" 1956 8 74.2 23.4
"1056" 1956 9 64.8 18.2
"1057" 1957 1 28.5 -1.9
"1058" 1957 10 56.2 13.4
"1059" 1957 11 49.4 9.7
"1060" 1957 12 40.2 4.6
"1061" 1957 2 37.3 2.9
"1062" 1957 3 41.9 5.5
"1063" 1957 4 53.2 11.8
"1064" 1957 5 63.1 17.3
"1065" 1957 6 74.3 23.5
"1066" 1957 7 77.7 25.4
"1067" 1957 8 73.6 23.1
"1068" 1957 9 69.7 20.9
"1069" 1958 1 31.9 -0.1
"1070" 1958 10 55.5 13.1
"1071" 1958 11 47.9 8.8
"1072" 1958 12 29.4 -1.4
"1073" 1958 2 27.4 -2.6
"1074" 1958 3 40.3 4.6
"1075" 1958 4 52.9 11.6
"1076" 1958 5 59.1 15.1
"1077" 1958 6 67.2 19.6
"1078" 1958 7 76.1 24.5
"1079" 1958 8 75.2 24
"1080" 1958 9 67.6 19.8
"1081" 1959 1 31.1 -0.5
"1082" 1959 10 59.8 15.4
"1083" 1959 11 45.8 7.7
"1084" 1959 12 38.4 3.6
"1085" 1959 2 32.1 0.1
"1086" 1959 3 40.1 4.5
"1087" 1959 4 53.8 12.1
"1088" 1959 5 66.4 19.1
"1089" 1959 6 71.2 21.8
"1090" 1959 7 76.3 24.6
"1091" 1959 8 77.5 25.3
"1092" 1959 9 72.3 22.4
"1093" 1960 1 33.9 1.1
"1094" 1960 10 58.1 14.5
"1095" 1960 11 49.7 9.8
"1096" 1960 12 30.9 -0.6
"1097" 1960 2 36.3 2.4
"1098" 1960 3 33.3 0.7
"1099" 1960 4 54.1 12.3
"1100" 1960 5 62.6 17
"1101" 1960 6 71.8 22.1
"1102" 1960 7 74.6 23.7
"1103" 1960 8 74.9 23.8
"1104" 1960 9 68 20
"1105" 1961 1 27.7 -2.4
"1106" 1961 10 61.1 16.2
"1107" 1961 11 48.8 9.3
"1108" 1961 12 35.5 1.9
"1109" 1961 2 36.7 2.6
"1110" 1961 3 41.5 5.3
"1111" 1961 4 49 9.4
"1112" 1961 5 59.9 15.5
"1113" 1961 6 72.3 22.4
"1114" 1961 7 78.1 25.6
"1115" 1961 8 76.4 24.7
"1116" 1961 9 73.6 23.1
"1117" 1962 1 32.6 0.3
"1118" 1962 10 57.4 14.1
"1119" 1962 11 43.2 6.2
"1120" 1962 12 31.5 -0.3
"1121" 1962 2 31.8 -0.1
"1122" 1962 3 43.1 6.2
"1123" 1962 4 53.3 11.8
"1124" 1962 5 64.5 18.1
"1125" 1962 6 72.5 22.5
"1126" 1962 7 74 23.3
"1127" 1962 8 72.4 22.4
"1128" 1962 9 64.9 18.3
"1129" 1963 1 30.1 -1.1
"1130" 1963 10 61.8 16.6
"1131" 1963 11 50.4 10.2
"1132" 1963 12 31.2 -0.4
"1133" 1963 2 28.3 -2.1
"1134" 1963 3 43.7 6.5
"1135" 1963 4 53.7 12.1
"1136" 1963 5 61.1 16.2
"1137" 1963 6 70.9 21.6
"1138" 1963 7 76.4 24.7
"1139" 1963 8 72.1 22.3
"1140" 1963 9 63.1 17.3
"1141" 1964 1 35.7 2.1
"1142" 1964 10 55 12.8
"1143" 1964 11 49.4 9.7
"1144" 1964 12 36.4 2.4
"1145" 1964 2 32.9 0.5
"1146" 1964 3 43.1 6.2
"1147" 1964 4 49.7 9.8
"1148" 1964 5 65.4 18.6
"1149" 1964 6 71.6 22
"1150" 1964 7 75.4 24.1
"1151" 1964 8 72.9 22.7
"1152" 1964 9 67.2 19.6
"1153" 1965 1 29.7 -1.3
"1154" 1965 10 57.3 14.1
"1155" 1965 11 46.8 8.2
"1156" 1965 12 40.5 4.7
"1157" 1965 2 33.9 1.1
"1158" 1965 3 40 4.4
"1159" 1965 4 50.6 10.3
"1160" 1965 5 66.4 19.1
"1161" 1965 6 70.1 21.2
"1162" 1965 7 74.3 23.5
"1163" 1965 8 73.2 22.9
"1164" 1965 9 67.5 19.7
"1165" 1966 1 32.2 0.1
"1166" 1966 10 56.2 13.4
"1167" 1966 11 48.9 9.4
"1168" 1966 12 35.7 2.1
"1169" 1966 2 35.1 1.7
"1170" 1966 3 42.7 5.9
"1171" 1966 4 49.7 9.8
"1172" 1966 5 61.6 16.4
"1173" 1966 6 75.4 24.1
"1174" 1966 7 79.7 26.5
"1175" 1966 8 76.9 24.9
"1176" 1966 9 66.5 19.2
"1177" 1967 1 37.4 3
"1178" 1967 10 57.2 14
"1179" 1967 11 42.5 5.8
"1180" 1967 12 38.2 3.4
"1181" 1967 2 29.2 -1.6
"1182" 1967 3 37.6 3.1
"1183" 1967 4 49.6 9.8
"1184" 1967 5 55.2 12.9
"1185" 1967 6 72.8 22.7
"1186" 1967 7 75.3 24.1
"1187" 1967 8 73.9 23.3
"1188" 1967 9 66.7 19.3
"1189" 1968 1 26.7 -2.9
"1190" 1968 10 60.5 15.8
"1191" 1968 11 46.9 8.3
"1192" 1968 12 34.3 1.3
"1193" 1968 2 28.9 -1.7
"1194" 1968 3 43.3 6.3
"1195" 1968 4 55 12.8
"1196" 1968 5 59.6 15.3
"1197" 1968 6 69.7 20.9
"1198" 1968 7 77.3 25.2
"1199" 1968 8 76 24.4
"1200" 1968 9 70.6 21.4
"1201" 1969 1 31.8 -0.1
"1202" 1969 10 57.7 14.3
"1203" 1969 11 46.4 8
"1204" 1969 12 33.4 0.8
"1205" 1969 2 32.6 0.3
"1206" 1969 3 40.1 4.5
"1207" 1969 4 55.9 13.3
"1208" 1969 5 65.3 18.5
"1209" 1969 6 73.1 22.8
"1210" 1969 7 74.8 23.8
"1211" 1969 8 77.4 25.2
"1212" 1969 9 69 20.6
"1213" 1970 1 25.1 -3.8
"1214" 1970 10 58.9 14.9
"1215" 1970 11 48.5 9.2
"1216" 1970 12 34.4 1.3
"1217" 1970 2 33 0.6
"1218" 1970 3 38.7 3.7
"1219" 1970 4 52.1 11.2
"1220" 1970 5 64 17.8
"1221" 1970 6 70.9 21.6
"1222" 1970 7 77.1 25.1
"1223" 1970 8 77.6 25.3
"1224" 1970 9 70.8 21.6
"1225" 1971 1 27 -2.8
"1226" 1971 10 62.7 17.1
"1227" 1971 11 45.1 7.3
"1228" 1971 12 40.8 4.9
"1229" 1971 2 35.1 1.7
"1230" 1971 3 40.1 4.5
"1231" 1971 4 50.8 10.4
"1232" 1971 5 61.4 16.3
"1233" 1971 6 74.2 23.4
"1234" 1971 7 77.8 25.4
"1235" 1971 8 75.9 24.4
"1236" 1971 9 71.6 22
"1237" 1972 1 35.1 1.7
"1238" 1972 10 53.5 11.9
"1239" 1972 11 44.4 6.9
"1240" 1972 12 38.5 3.6
"1241" 1972 2 31.4 -0.3
"1242" 1972 3 39.8 4.3
"1243" 1972 4 50.1 10.1
"1244" 1972 5 63.3 17.4
"1245" 1972 6 67.9 19.9
"1246" 1972 7 77.2 25.1
"1247" 1972 8 75.6 24.2
"1248" 1972 9 69.5 20.8
"1249" 1973 1 35.5 1.9
"1250" 1973 10 60.2 15.7
"1251" 1973 11 48.3 9.1
"1252" 1973 12 39 3.9
"1253" 1973 2 32.5 0.3
"1254" 1973 3 46.4 8
"1255" 1973 4 53.4 11.9
"1256" 1973 5 59.5 15.3
"1257" 1973 6 73.4 23
"1258" 1973 7 77.4 25.2
"1259" 1973 8 77.6 25.3
"1260" 1973 9 69.5 20.8
"1261" 1974 1 35.3 1.8
"1262" 1974 10 54.1 12.3
"1263" 1974 11 48.2 9
"1264" 1974 12 39.4 4.1
"1265" 1974 2 31.7 -0.2
"1266" 1974 3 42.1 5.6
"1267" 1974 4 55.2 12.9
"1268" 1974 5 61 16.1
"1269" 1974 6 69 20.6
"1270" 1974 7 77.2 25.1
"1271" 1974 8 76.4 24.7
"1272" 1974 9 66.7 19.3
"1273" 1975 1 37.3 2.9
"1274" 1975 10 59.2 15.1
"1275" 1975 11 52.3 11.3
"1276" 1975 12 35.9 2.2
"1277" 1975 2 35.8 2.1
"1278" 1975 3 40.2 4.6
"1279" 1975 4 47.9 8.8
"1280" 1975 5 65.8 18.8
"1281" 1975 6 70.5 21.4
"1282" 1975 7 75.8 24.3
"1283" 1975 8 74.4 23.6
"1284" 1975 9 64.2 17.9
"1285" 1976 1 27.4 -2.6
"1286" 1976 10 52.9 11.6
"1287" 1976 11 41.7 5.4
"1288" 1976 12 29.9 -1.2
"1289" 1976 2 39.9 4.4
"1290" 1976 3 44.4 6.9
"1291" 1976 4 55 12.8
"1292" 1976 5 60.2 15.7
"1293" 1976 6 73.2 22.9
"1294" 1976 7 74.8 23.8
"1295" 1976 8 74.3 23.5
"1296" 1976 9 66.6 19.2
"1297" 1977 1 22.1 -5.5
"1298" 1977 10 54.9 12.7
"1299" 1977 11 47.3 8.5
"1300" 1977 12 35.7 2.1
"1301" 1977 2 33.5 0.8
"1302" 1977 3 46.8 8.2
"1303" 1977 4 53.7 12.1
"1304" 1977 5 65 18.3
"1305" 1977 6 70.2 21.2
"1306" 1977 7 79 26.1
"1307" 1977 8 75.7 24.3
"1308" 1977 9 68.2 20.1
"1309" 1978 1 28 -2.2
"1310" 1978 10 54.9 12.7
"1311" 1978 11 47.8 8.8
"1312" 1978 12 38.9 3.8
"1313" 1978 2 27.2 -2.7
"1314" 1978 3 39 3.9
"1315" 1978 4 51.6 10.9
"1316" 1978 5 61.5 16.4
"1317" 1978 6 71.3 21.8
"1318" 1978 7 74.4 23.6
"1319" 1978 8 76 24.4
"1320" 1978 9 65 18.3
"1321" 1979 1 33.6 0.9
"1322" 1979 10 57.3 14.1
"1323" 1979 11 52.5 11.4
"1324" 1979 12 41.1 5.1
"1325" 1979 2 25.5 -3.6
"1326" 1979 3 46.9 8.3
"1327" 1979 4 52.6 11.4
"1328" 1979 5 65.3 18.5
"1329" 1979 6 69.2 20.7
"1330" 1979 7 76.9 24.9
"1331" 1979 8 76.8 24.9
"1332" 1979 9 70.5 21.4
"1333" 1980 1 33.7 0.9
"1334" 1980 10 55.2 12.9
"1335" 1980 11 44.6 7
"1336" 1980 12 32.5 0.3
"1337" 1980 2 31.4 -0.3
"1338" 1980 3 41.2 5.1
"1339" 1980 4 54.5 12.5
"1340" 1980 5 65.6 18.7
"1341" 1980 6 70.3 21.3
"1342" 1980 7 79.3 26.3
"1343" 1980 8 80.3 26.8
"1344" 1980 9 70.8 21.6
"1345" 1981 1 26.3 -3.2
"1346" 1981 10 54.4 12.4
"1347" 1981 11 47.7 8.7
"1348" 1981 12 36.5 2.5
"1349" 1981 2 39.3 4.1
"1350" 1981 3 42.3 5.7
"1351" 1981 4 56.2 13.4
"1352" 1981 5 64.8 18.2
"1353" 1981 6 73 22.8
"1354" 1981 7 78.5 25.8
"1355" 1981 8 76 24.4
"1356" 1981 9 67.6 19.8
"1357" 1982 1 26.1 -3.3
"1358" 1982 10 58.5 14.7
"1359" 1982 11 50.4 10.2
"1360" 1982 12 42.8 6
"1361" 1982 2 35.3 1.8
"1362" 1982 3 42 5.6
"1363" 1982 4 51.2 10.7
"1364" 1982 5 64.1 17.8
"1365" 1982 6 68.6 20.3
"1366" 1982 7 77.9 25.5
"1367" 1982 8 73.2 22.9
"1368" 1982 9 68.3 20.2
"1369" 1983 1 34.5 1.4
"1370" 1983 10 57.9 14.4
"1371" 1983 11 48.9 9.4
"1372" 1983 12 35.2 1.8
"1373" 1983 2 36.4 2.4
"1374" 1983 3 44 6.7
"1375" 1983 4 52.3 11.3
"1376" 1983 5 60.2 15.7
"1377" 1983 6 73.4 23
"1378" 1983 7 79.5 26.4
"1379" 1983 8 77.7 25.4
"1380" 1983 9 71.8 22.1
"1381" 1984 1 29.9 -1.2
"1382" 1984 10 61.8 16.6
"1383" 1984 11 47.3 8.5
"1384" 1984 12 43.8 6.6
"1385" 1984 2 40.6 4.8
"1386" 1984 3 36.7 2.6
"1387" 1984 4 51.9 11.1
"1388" 1984 5 61.6 16.4
"1389" 1984 6 74.5 23.6
"1390" 1984 7 74.7 23.7
"1391" 1984 8 76.7 24.8
"1392" 1984 9 65.9 18.8
"1393" 1985 1 28.8 -1.8
"1394" 1985 10 59.5 15.3
"1395" 1985 11 50 10
"1396" 1985 12 34.2 1.2
"1397" 1985 2 36.6 2.6
"1398" 1985 3 45.8 7.7
"1399" 1985 4 55.5 13.1
"1400" 1985 5 65.3 18.5
"1401" 1985 6 68.6 20.3
"1402" 1985 7 76.2 24.6
"1403" 1985 8 75.4 24.1
"1404" 1985 9 70.5 21.4
"1405" 1986 1 34.1 1.2
"1406" 1986 10 58 14.4
"1407" 1986 11 45.7 7.6
"1408" 1986 12 39 3.9
"1409" 1986 2 32 0
"1410" 1986 3 45.1 7.3
"1411" 1986 4 54.5 12.5
"1412" 1986 5 66 18.9
"1413" 1986 6 71.6 22
"1414" 1986 7 76 24.4
"1415" 1986 8 73.1 22.8
"1416" 1986 9 67.9 19.9
"1417" 1987 1 32.3 0.2
"1418" 1987 10 53.8 12.1
"1419" 1987 11 47.7 8.7
"1420" 1987 12 39.5 4.2
"1421" 1987 2 33.2 0.7
"1422" 1987 3 45.2 7.3
"1423" 1987 4 53.4 11.9
"1424" 1987 5 63.6 17.6
"1425" 1987 6 72.8 22.7
"1426" 1987 7 78 25.6
"1427" 1987 8 74.2 23.4
"1428" 1987 9 67.9 19.9
"1429" 1988 1 29.5 -1.4
"1430" 1988 10 52.8 11.6
"1431" 1988 11 49.4 9.7
"1432" 1988 12 35.9 2.2
"1433" 1988 2 35 1.7
"1434" 1988 3 43.6 6.4
"1435" 1988 4 51.2 10.7
"1436" 1988 5 62.7 17.1
"1437" 1988 6 71.8 22.1
"1438" 1988 7 79.3 26.3
"1439" 1988 8 78.8 26
"1440" 1988 9 67.4 19.7
"1441" 1989 1 37.4 3
"1442" 1989 10 58.2 14.6
"1443" 1989 11 45.7 7.6
"1444" 1989 12 25.9 -3.4
"1445" 1989 2 34.5 1.4
"1446" 1989 3 42.4 5.8
"1447" 1989 4 52.2 11.2
"1448" 1989 5 62.1 16.7
"1449" 1989 6 72 22.2
"1450" 1989 7 75 23.9
"1451" 1989 8 74 23.3
"1452" 1989 9 68.1 20.1
"1453" 1990 1 41.4 5.2
"1454" 1990 10 61.9 16.6
"1455" 1990 11 50.4 10.2
"1456" 1990 12 42.6 5.9
"1457" 1990 2 39.8 4.3
"1458" 1990 3 45.1 7.3
"1459" 1990 4 53.5 11.9
"1460" 1990 5 60.2 15.7
"1461" 1990 6 72.1 22.3
"1462" 1990 7 76.8 24.9
"1463" 1990 8 75.3 24.1
"1464" 1990 9 67.5 19.7
"1465" 1991 1 34.9 1.6
"1466" 1991 10 58.4 14.7
"1467" 1991 11 48.3 9.1
"1468" 1991 12 39.6 4.2
"1469" 1991 2 40 4.4
"1470" 1991 3 44.6 7
"1471" 1991 4 55.7 13.2
"1472" 1991 5 68.7 20.4
"1473" 1991 6 74.1 23.4
"1474" 1991 7 77.7 25.4
"1475" 1991 8 77.1 25.1
"1476" 1991 9 67.5 19.7
"1477" 1992 1 35.7 2.1
"1478" 1992 10 54.5 12.5
"1479" 1992 11 46.5 8.1
"1480" 1992 12 37.9 3.3
"1481" 1992 2 36.4 2.4
"1482" 1992 3 40 4.4
"1483" 1992 4 50.5 10.3
"1484" 1992 5 61 16.1
"1485" 1992 6 70.3 21.3
"1486" 1992 7 74.2 23.4
"1487" 1992 8 73 22.8
"1488" 1992 9 67.2 19.6
"1489" 1993 1 36.3 2.4
"1490" 1993 10 56 13.3
"1491" 1993 11 48.8 9.3
"1492" 1993 12 37.3 2.9
"1493" 1993 2 30.8 -0.7
"1494" 1993 3 39.7 4.3
"1495" 1993 4 53.3 11.8
"1496" 1993 5 65.7 18.7
"1497" 1993 6 73.3 22.9
"1498" 1993 7 80.2 26.8
"1499" 1993 8 77.2 25.1
"1500" 1993 9 67.3 19.6
"1501" 1994 1 25.6 -3.6
"1502" 1994 10 58 14.4
"1503" 1994 11 52 11.1
"1504" 1994 12 42.2 5.7
"1505" 1994 2 30.6 -0.8
"1506" 1994 3 40.7 4.8
"1507" 1994 4 55.6 13.1
"1508" 1994 5 61.8 16.6
"1509" 1994 6 75.2 24
"1510" 1994 7 79.4 26.3
"1511" 1994 8 74 23.3
"1512" 1994 9 67.6 19.8
"1513" 1995 1 37.5 3.1
"1514" 1995 10 61.6 16.4
"1515" 1995 11 43.6 6.4
"1516" 1995 12 32.4 0.2
"1517" 1995 2 31.6 -0.2
"1518" 1995 3 45 7.2
"1519" 1995 4 51.9 11.1
"1520" 1995 5 61.9 16.6
"1521" 1995 6 71.8 22.1
"1522" 1995 7 79.2 26.2
"1523" 1995 8 78.6 25.9
"1524" 1995 9 68.3 20.2
"1525" 1996 1 30.5 -0.8
"1526" 1996 10 56.4 13.6
"1527" 1996 11 43 6.1
"1528" 1996 12 41.3 5.2
"1529" 1996 2 33.9 1.1
"1530" 1996 3 38.9 3.8
"1531" 1996 4 52.2 11.2
"1532" 1996 5 61.1 16.2
"1533" 1996 6 71.4 21.9
"1534" 1996 7 73.4 23
"1535" 1996 8 74.5 23.6
"1536" 1996 9 68 20
"1537" 1997 1 32.2 0.1
"1538" 1997 10 56.8 13.8
"1539" 1997 11 44.5 6.9
"1540" 1997 12 38.3 3.5
"1541" 1997 2 40 4.4
"1542" 1997 3 41.9 5.5
"1543" 1997 4 51.7 10.9
"1544" 1997 5 59.4 15.2
"1545" 1997 6 70.9 21.6
"1546" 1997 7 75.8 24.3
"1547" 1997 8 73.3 22.9
"1548" 1997 9 67 19.4
"1549" 1998 1 40 4.4
"1550" 1998 10 57.6 14.2
"1551" 1998 11 48.1 8.9
"1552" 1998 12 43.2 6.2
"1553" 1998 2 40.6 4.8
"1554" 1998 3 45.4 7.4
"1555" 1998 4 54 12.2
"1556" 1998 5 64.3 17.9
"1557" 1998 6 69.2 20.7
"1558" 1998 7 76.5 24.7
"1559" 1998 8 76.7 24.8
"1560" 1998 9 70.2 21.2
"1561" 1999 1 33.9 1.1
"1562" 1999 10 56 13.3
"1563" 1999 11 50.6 10.3
"1564" 1999 12 40 4.4
"1565" 1999 2 38.9 3.8
"1566" 1999 3 42.5 5.8
"1567" 1999 4 53.5 11.9
"1568" 1999 5 63.1 17.3
"1569" 1999 6 73.2 22.9
"1570" 1999 7 81.4 27.4
"1571" 1999 8 75.5 24.2
"1572" 1999 9 69.1 20.6
"1573" 2000 1 31.3 -0.4
"1574" 2000 10 57 13.9
"1575" 2000 11 45.3 7.4
"1576" 2000 12 31.1 -0.5
"1577" 2000 2 37.3 2.9
"1578" 2000 3 47.2 8.4
"1579" 2000 4 51 10.6
"1580" 2000 5 63.5 17.5
"1581" 2000 6 71.3 21.8
"1582" 2000 7 72.3 22.4
"1583" 2000 8 72.7 22.6
"1584" 2000 9 66 18.9
"1585" 2001 1 33.6 0.9
"1586" 2001 10 58.5 14.7
"1587" 2001 11 52.7 11.5
"1588" 2001 12 44.1 6.7
"1589" 2001 2 35.9 2.2
"1590" 2001 3 39.6 4.2
"1591" 2001 4 54.2 12.3
"1592" 2001 5 63.8 17.7
"1593" 2001 6 72.9 22.7
"1594" 2001 7 73.2 22.9
"1595" 2001 8 78.7 25.9
"1596" 2001 9 67.7 19.8
"1597" 2002 1 39.9 4.4
"1598" 2002 10 55.2 12.9
"1599" 2002 11 46 7.8
"1600" 2002 12 36 2.2
"1601" 2002 2 40.6 4.8
"1602" 2002 3 44.1 6.7
"1603" 2002 4 56.1 13.4
"1604" 2002 5 60.7 15.9
"1605" 2002 6 71.4 21.9
"1606" 2002 7 78.8 26
"1607" 2002 8 77.7 25.4
"1608" 2002 9 70.2 21.2
"1609" 2003 1 27.5 -2.5
"1610" 2003 10 55.1 12.8
"1611" 2003 11 50 10
"1612" 2003 12 37.6 3.1
"1613" 2003 2 30.1 -1.1
"1614" 2003 3 43.1 6.2
"1615" 2003 4 49.8 9.9
"1616" 2003 5 58.7 14.8
"1617" 2003 6 68.3 20.2
"1618" 2003 7 75.8 24.3
"1619" 2003 8 76.7 24.8
"1620" 2003 9 67.9 19.9
"1621" 2004 1 24.7 -4.1
"1622" 2004 10 56 13.3
"1623" 2004 11 48.2 9
"1624" 2004 12 38.4 3.6
"1625" 2004 2 35 1.7
"1626" 2004 3 43.5 6.4
"1627" 2004 4 53.6 12
"1628" 2004 5 65.2 18.4
"1629" 2004 6 71.2 21.8
"1630" 2004 7 74.5 23.6
"1631" 2004 8 74.2 23.4
"1632" 2004 9 69.3 20.7
"1633" 2005 1 31.3 -0.4
"1634" 2005 10 57.9 14.4
"1635" 2005 11 49.6 9.8
"1636" 2005 12 35.3 1.8
"1637" 2005 2 36.5 2.5
"1638" 2005 3 39.4 4.1
"1639" 2005 4 55.1 12.8
"1640" 2005 5 58.9 14.9
"1641" 2005 6 74 23.3
"1642" 2005 7 77.5 25.3
"1643" 2005 8 79.7 26.5
"1644" 2005 9 73.3 22.9
"1645" 2006 1 40.9 4.9
"1646" 2006 10 56.2 13.4
"1647" 2006 11 51.9 11.1
"1648" 2006 12 43.6 6.4
"1649" 2006 2 35.7 2.1
"1650" 2006 3 43.1 6.2
"1651" 2006 4 55.7 13.2
"1652" 2006 5 63.1 17.3
"1653" 2006 6 71 21.7
"1654" 2006 7 77.9 25.5
"1655" 2006 8 75.8 24.3
"1656" 2006 9 66.6 19.2
"1657" 2007 1 37.5 3.1
"1658" 2007 10 63.6 17.6
"1659" 2007 11 45.4 7.4
"1660" 2007 12 37 2.8
"1661" 2007 2 28.2 -2.1
"1662" 2007 3 42.2 5.7
"1663" 2007 4 50.3 10.2
"1664" 2007 5 65.2 18.4
"1665" 2007 6 71.4 21.9
"1666" 2007 7 75 23.9
"1667" 2007 8 74 23.3
"1668" 2007 9 70.3 21.3
"1669" 2008 1 36.5 2.5
"1670" 2008 10 55.1 12.8
"1671" 2008 11 45.8 7.7
"1672" 2008 12 38.1 3.4
"1673" 2008 2 35.8 2.1
"1674" 2008 3 42.6 5.9
"1675" 2008 4 54.9 12.7
"1676" 2008 5 60.1 15.6
"1677" 2008 6 74 23.3
"1678" 2008 7 78.4 25.8
"1679" 2008 8 73.8 23.2
"1680" 2008 9 68.8 20.4
"1681" 2009 1 27.9 -2.3
"1682" 2009 10 55 12.8
"1683" 2009 11 51.2 10.7
"1684" 2009 12 35.9 2.2
"1685" 2009 2 36.7 2.6
"1686" 2009 3 42.4 5.8
"1687" 2009 4 54.5 12.5
"1688" 2009 5 62.5 16.9
"1689" 2009 6 67.5 19.7
"1690" 2009 7 72.7 22.6
"1691" 2009 8 75.7 24.3
"1692" 2009 9 66.3 19.1
"1693" 2010 1 32.5 0.3
"1694" 2010 10 58.1 14.5
"1695" 2010 11 47.9 8.8
"1696" 2010 12 32.8 0.4
"1697" 2010 2 33.1 0.6
"1698" 2010 3 48.2 9
"1699" 2010 4 57.9 14.4
"1700" 2010 5 65.3 18.5
"1701" 2010 6 74.7 23.7
"1702" 2010 7 81.3 27.4
"1703" 2010 8 77.4 25.2
"1704" 2010 9 71.1 21.7
"1705" 2011 1 29.7 -1.3
"1706" 2011 10 57.1 13.9
"1707" 2011 11 51.9 11.1
"1708" 2011 12 43.3 6.3
"1709" 2011 2 36 2.2
"1710" 2011 3 42.3 5.7
"1711" 2011 4 54.3 12.4
"1712" 2011 5 64.5 18.1
"1713" 2011 6 72.3 22.4
"1714" 2011 7 80.2 26.8
"1715" 2011 8 75.3 24.1
"1716" 2011 9 70 21.1
"1717" 2012 1 37.3 2.9
"1718" 2012 10 58 14.4
"1719" 2012 11 43.9 6.6
"1720" 2012 12 41.5 5.3
"1721" 2012 2 40.9 4.9
"1722" 2012 3 50.9 10.5
"1723" 2012 4 54.8 12.7
"1724" 2012 5 65.1 18.4
"1725" 2012 6 71 21.7
"1726" 2012 7 78.8 26
"1727" 2012 8 76.7 24.8
"1728" 2012 9 68.8 20.4
"1729" 2013 1 35.1 1.7
"1730" 2013 10 60.2 15.7
"1731" 2013 11 45.3 7.4
"1732" 2013 12 38.5 3.6
"1733" 2013 2 33.9 1.1
"1734" 2013 3 40.1 4.5
"1735" 2013 4 53 11.7
"1736" 2013 5 62.8 17.1
"1737" 2013 6 72.7 22.6
"1738" 2013 7 79.8 26.6
"1739" 2013 8 74.6 23.7
"1740" 2013 9 67.9 19.9
"1741" 2014 1 28.6 -1.9
"1742" 2014 10 59.6 15.3
"1743" 2014 11 45.3 7.4
"1744" 2014 12 40.5 4.7
"1745" 2014 2 31.6 -0.2
"1746" 2014 3 37.7 3.2
"1747" 2014 4 52.3 11.3
"1748" 2014 5 64 17.8
"1749" 2014 6 72.5 22.5
"1750" 2014 7 76.1 24.5
"1751" 2014 8 74.5 23.6
"1752" 2014 9 69.7 20.9
"1753" 2015 1 29.9 -1.2
"1754" 2015 10 58 14.4
"1755" 2015 11 52.8 11.6
"1756" 2015 12 50.8 10.4
"1757" 2015 2 23.9 -4.5
"1758" 2015 3 38.1 3.4
"1759" 2015 4 54.3 12.4
"1760" 2015 5 68.5 20.3
"1761" 2015 6 71.2 21.8
"1762" 2015 7 78.8 26
"1763" 2015 8 79 26.1
"1764" 2015 9 74.5 23.6
"1765" 2016 1 34.5 1.4
"1766" 2016 2 37.7 3.2
"1767" 2016 3 48.9 9.4
"1768" 2016 4 53.3 11.8
"1769" 2016 5 62.8 17.1
"1770" 2016 6 72.3 22.4
"1771" 2016 7 78.7 25.9
"1772" 2016 8 79.2 26.2
"1773" 2016 9 71.8 22.1
"1774" 2016 10 58.8 14.9
"1775" 2016 11 49.8 9.9
"1776" 2016 12 38.3 3.5
